411_411,   6957,   83466.00,        7055,   84775.00,         7070,   84998.00,          7098,   85465.00
412_412,   5116,   67284.00,        5147,   67718.00,         5177,   68096.00,          5197,   68388.00
440_440,   1967,   26847.95,        1986,   27259.95,         1983,   27267.95,          1978,   27245.95
440_441,   1440,   20485.06,        1448,   20641.06,         1455,   20729.06,          1462,   20863.06
440_449,   1439,   20231.00,        1460,   20558.00,         1460,   20515.00,          1459,   20530.00
440_541,   1840,   26378.00,        1859,   26805.00,         1865,   26910.00,          1872,   27028.00
493_493,   1380,   22098.95,        1410,   22719.95,         1416,   22841.95,          1430,   23033.95
493_498,    911,   14788.90,         937,   15249.90,          931,   15080.90,           927,   15024.90
493_598,    974,   15988.00,         984,   16203.00,          982,   16201.00,           990,   16343.95
515_515,    103,    1920.00,         101,    1895.00,          103,    1970.00,           107,    2050.00
561_561,   2421,   30923.00,        2429,   31056.00,         2435,   31179.00,          2424,   30968.00
561_562,   2269,   29059.42,        2272,   29215.42,         2265,   29143.42,          2246,   28926.42
561_563,   1903,   24188.00,        1903,   24234.00,         1906,   24271.00,          1908,   24317.00
564_541,     70,    1282.00,          73,    1342.00,           69,    1242.00,            68,    1232.00
564_564,   2738,   36231.32,        2782,   37041.32,         2781,   37062.32,          2776,   36975.32
564_565,     32,     614.00,          34,     674.00,           33,     644.00,            32,     624.00
566_514,   4649,   64340.00,        4666,   64540.00,         4698,   64929.00,          4726,   65353.00
566_566,   3192,   42684.00,        3215,   42998.00,         3214,   42920.00,          3220,   43105.00
566_567,   3107,   41723.00,        3121,   41974.00,         3127,   42161.00,          3116,   42039.00
800_800,      2,       0.00,           2,       0.00,            2,       0.00,             2,       0.00
803_803,     30,     835.00,          28,     700.00,           31,     860.00,            31,     860.00
